2
-1.0
1.0
-1.0
-0.9476145
1.0
-0.9902493
-0.89100635
1.0
-0.9620054
-0.83085155
1.0
-0.9167385
-0.7679482
1.0
-0.8560258
-0.703125
1.0
-0.78125
-0.6370273
1.0
-0.6939765
-0.5704229
1.0
-0.59580183
-0.50395703
1.0
-0.48801658
-0.43864155
1.0
-0.37227824
-0.375
1.0
-0.25
-0.31386083
1.0
-0.122716784
-0.2559917
1.0
0.007914066
-0.20209906
1.0
0.1408458
-0.15301177
1.0
0.27405453
-0.109375
1.0
0.40625
-0.07198697
1.0
0.53589666
-0.041630685
1.0
0.6617032
-0.018997312
1.0
0.7820127
-0.004875362
1.0
0.895229
0.0
1.0
1.0
0.0048753517
0.9476145
1.0
0.018997317
0.89100635
1.0
0.041630737
0.83085155
1.0
0.07198707
0.7679482
1.0
0.109375
0.703125
1.0
0.15301172
0.6370273
1.0
0.20209911
0.5704229
1.0
0.25599173
0.50395703
1.0
0.31386086
0.43864155
1.0
0.375
0.375
1.0
0.4386416
0.31386083
1.0
0.50395703
0.2559917
1.0
0.5704229
0.20209906
1.0
0.63702726
0.15301177
1.0
0.703125
0.109375
1.0
0.7679483
0.07198697
1.0
0.8308516
0.041630685
1.0
0.89100635
0.018997312
1.0
0.9476145
0.004875362
1.0
1.0
0.0
1.0
1.0
-0.0048753517
0.895229
1.0
-0.018997317
0.7820127
1.0
-0.041630737
0.6617031
1.0
-0.07198707
0.5358964
1.0
-0.109375
0.40625
1.0
-0.15301172
0.27405465
1.0
-0.20209911
0.14084575
1.0
-0.25599173
0.0079140365
1.0
-0.31386086
-0.122716874
1.0
-0.375
-0.25
1.0
-0.4386416
-0.37227833
1.0
-0.50395703
-0.4880166
1.0
-0.5704229
-0.59580183
1.0
-0.63702726
-0.6939764
1.0
-0.703125
-0.78125
1.0
-0.7679483
-0.85602605
1.0
-0.8308516
-0.9167386
1.0
-0.89100635
-0.9620054
1.0
-0.9476145
-0.9902493
1.0
-1.0
-1.0
0.9476145
-1.0
-0.9902493
0.89100635
-1.0
-0.9620054
0.83085155
-1.0
-0.9167385
0.7679482
-1.0
-0.8560258
0.703125
-1.0
-0.78125
0.6370273
-1.0
-0.6939765
0.5704229
-1.0
-0.59580183
0.50395703
-1.0
-0.48801658
0.43864155
-1.0
-0.37227824
0.375
-1.0
-0.25
0.31386083
-1.0
-0.122716784
0.2559917
-1.0
0.007914066
0.20209906
-1.0
0.1408458
0.15301177
-1.0
0.27405453
0.109375
-1.0
0.40625
0.07198697
-1.0
0.53589666
0.041630685
-1.0
0.6617032
0.018997312
-1.0
0.7820127
0.004875362
-1.0
0.895229
0.0
-1.0
1.0
-0.0048753517
-0.9476145
1.0
-0.018997317
-0.89100635
1.0
-0.041630737
-0.83085155
1.0
-0.07198707
-0.7679482
1.0
-0.109375
-0.703125
1.0
-0.15301172
-0.6370273
1.0
-0.20209911
-0.5704229
1.0
-0.25599173
-0.50395703
1.0
-0.31386086
-0.43864155
1.0
-0.375
-0.375
1.0
-0.4386416
-0.31386083
1.0
-0.50395703
-0.2559917
1.0
-0.5704229
-0.20209906
1.0
-0.63702726
-0.15301177
1.0
-0.703125
-0.109375
1.0
-0.7679483
-0.07198697
1.0
-0.8308516
-0.041630685
1.0
-0.89100635
-0.018997312
1.0
-0.9476145
-0.004875362
1.0
-1.0
0.0
1.0
-1.0
0.0048753517
0.895229
-1.0
0.018997317
0.7820127
-1.0
0.041630737
0.6617031
-1.0
0.07198707
0.5358964
-1.0
0.109375
0.40625
-1.0
0.15301172
0.27405465
-1.0
0.20209911
0.14084575
-1.0
0.25599173
0.0079140365
-1.0
0.31386086
-0.122716874
-1.0
0.375
-0.25
-1.0
0.4386416
-0.37227833
-1.0
0.50395703
-0.4880166
-1.0
0.5704229
-0.59580183
-1.0
0.63702726
-0.6939764
-1.0
0.703125
-0.78125
-1.0
0.7679483
-0.85602605
-1.0
0.8308516
-0.9167386
-1.0
0.89100635
-0.9620054
-1.0
0.9476145
-0.9902493
1.0
1.0
1.0
0.9476145
1.0
0.9902493
0.89100635
1.0
0.9620054
0.83085155
1.0
0.9167385
0.7679482
1.0
0.8560258
0.703125
1.0
0.78125
0.6370273
1.0
0.6939765
0.5704229
1.0
0.59580183
0.50395703
1.0
0.48801658
0.43864155
1.0
0.37227824
0.375
1.0
0.25
0.31386083
1.0
0.122716784
0.2559917
1.0
-0.007914066
0.20209906
1.0
-0.1408458
0.15301177
1.0
-0.27405453
0.109375
1.0
-0.40625
0.07198697
1.0
-0.53589666
0.041630685
1.0
-0.6617032
0.018997312
1.0
-0.7820127
0.004875362
1.0
-0.895229
0.0
1.0
-1.0
-0.0048753517
0.9476145
-1.0
-0.018997317
0.89100635
-1.0
-0.041630737
0.83085155
-1.0
-0.07198707
0.7679482
-1.0
-0.109375
0.703125
-1.0
-0.15301172
0.6370273
-1.0
-0.20209911
0.5704229
-1.0
-0.25599173
0.50395703
-1.0
-0.31386086
0.43864155
-1.0
-0.375
0.375
-1.0
-0.4386416
0.31386083
-1.0
-0.50395703
0.2559917
-1.0
-0.5704229
0.20209906
-1.0
-0.63702726
0.15301177
-1.0
-0.703125
0.109375
-1.0
-0.7679483
0.07198697
-1.0
-0.8308516
0.041630685
-1.0
-0.89100635
0.018997312
-1.0
-0.9476145
0.004875362
-1.0
-1.0
0.0
-1.0
-1.0
-0.0048753517
-0.895229
-1.0
-0.018997317
-0.7820127
-1.0
-0.041630737
-0.6617031
-1.0
-0.07198707
-0.5358964
-1.0
-0.109375
-0.40625
-1.0
-0.15301172
-0.27405465
-1.0
-0.20209911
-0.14084575
-1.0
-0.25599173
-0.0079140365
-1.0
-0.31386086
0.122716874
-1.0
-0.375
0.25
-1.0
-0.4386416
0.37227833
-1.0
-0.50395703
0.4880166
-1.0
-0.5704229
0.59580183
-1.0
-0.63702726
0.6939764
-1.0
-0.703125
0.78125
-1.0
-0.7679483
0.85602605
-1.0
-0.8308516
0.9167386
-1.0
-0.89100635
0.9620054
-1.0
-0.9476145
0.9902493
-1.0
-1.0
1.0
-0.9476145
-1.0
0.9902493
-0.89100635
-1.0
0.9620054
-0.83085155
-1.0
0.9167385
-0.7679482
-1.0
0.8560258
-0.703125
-1.0
0.78125
-0.6370273
-1.0
0.6939765
-0.5704229
-1.0
0.59580183
-0.50395703
-1.0
0.48801658
-0.43864155
-1.0
0.37227824
-0.375
-1.0
0.25
-0.31386083
-1.0
0.122716784
-0.2559917
-1.0
-0.007914066
-0.20209906
-1.0
-0.1408458
-0.15301177
-1.0
-0.27405453
-0.109375
-1.0
-0.40625
-0.07198697
-1.0
-0.53589666
-0.041630685
-1.0
-0.6617032
-0.018997312
-1.0
-0.7820127
-0.004875362
-1.0
-0.895229
0.0
-1.0
-1.0
0.0048753517
-0.9476145
-1.0
0.018997317
-0.89100635
-1.0
0.041630737
-0.83085155
-1.0
0.07198707
-0.7679482
-1.0
0.109375
-0.703125
-1.0
0.15301172
-0.6370273
-1.0
0.20209911
-0.5704229
-1.0
0.25599173
-0.50395703
-1.0
0.31386086
-0.43864155
-1.0
0.375
-0.375
-1.0
0.4386416
-0.31386083
-1.0
0.50395703
-0.2559917
-1.0
0.5704229
-0.20209906
-1.0
0.63702726
-0.15301177
-1.0
0.703125
-0.109375
-1.0
0.7679483
-0.07198697
-1.0
0.8308516
-0.041630685
-1.0
0.89100635
-0.018997312
-1.0
0.9476145
-0.004875362
-1.0
1.0
0.0
-1.0
1.0
0.0048753517
-0.895229
1.0
0.018997317
-0.7820127
1.0
0.041630737
-0.6617031
1.0
0.07198707
-0.5358964
1.0
0.109375
-0.40625
1.0
0.15301172
-0.27405465
1.0
0.20209911
-0.14084575
1.0
0.25599173
-0.0079140365
1.0
0.31386086
0.122716874
1.0
0.375
0.25
1.0
0.4386416
0.37227833
1.0
0.50395703
0.4880166
1.0
0.5704229
0.59580183
1.0
0.63702726
0.6939764
1.0
0.703125
0.78125
1.0
0.7679483
0.85602605
1.0
0.8308516
0.9167386
1.0
0.89100635
0.9620054
1.0
0.9476145
0.9902493
