2
-1.0
1.0
-0.5
-0.7150801
1.0
-0.48500806
-0.45972264
1.0
-0.44006932
-0.23508203
1.0
-0.36496484
-0.039871097
1.0
-0.2600859
0.125
1.0
-0.125
0.26008594
1.0
0.039871097
0.36496475
1.0
0.23508191
0.44006947
1.0
0.45972276
0.48500806
1.0
0.7150801
0.5
1.0
1.0
0.5049973
0.8100127
1.0
0.51998705
0.63989645
1.0
0.5450117
0.49005467
1.0
0.5799917
0.35991406
1.0
0.625
0.25
1.0
0.67995703
0.1599834
1.0
0.7450273
0.09002349
1.0
0.8199483
0.039974034
1.0
0.90500635
0.009994626
1.0
1.0
0.0
1.0
1.0
0.009994632
0.8100127
1.0
0.03997413
0.63989645
1.0
0.09002344
0.49005467
1.0
0.15998343
0.35991406
1.0
0.25
0.25
1.0
0.35991406
0.1599834
1.0
0.4900546
0.09002349
1.0
0.6398966
0.039974034
1.0
0.8100127
0.009994626
1.0
1.0
0.0
0.8100127
1.0
-0.009994632
0.63989645
1.0
-0.03997413
0.49005467
1.0
-0.09002344
0.35991406
1.0
-0.15998343
0.25
1.0
-0.25
0.1599834
1.0
-0.35991406
0.09002349
1.0
-0.4900546
0.039974034
1.0
-0.6398966
0.009994626
1.0
-0.8100127
0.0
1.0
-1.0
-0.009994632
0.8100127
-1.0
-0.03997413
0.63989645
-1.0
-0.09002344
0.49005467
-1.0
-0.15998343
0.35991406
-1.0
-0.25
0.25
-1.0
-0.35991406
0.1599834
-1.0
-0.4900546
0.09002349
-1.0
-0.6398966
0.039974034
-1.0
-0.8100127
0.009994626
-1.0
-1.0
0.0
-1.0
-1.0
-0.009994632
-0.8100127
-1.0
-0.03997413
-0.63989645
-1.0
-0.09002344
-0.49005467
-1.0
-0.15998343
-0.35991406
-1.0
-0.25
-0.25
-1.0
-0.35991406
-0.1599834
-1.0
-0.4900546
-0.09002349
-1.0
-0.6398966
-0.039974034
-1.0
-0.8100127
-0.009994626
-1.0
-1.0
0.0
-0.8100127
-1.0
0.009994632
-0.63989645
-1.0
0.03997413
-0.49005467
-1.0
0.09002344
-0.35991406
-1.0
0.15998343
-0.25
-1.0
0.25
-0.1599834
-1.0
0.35991406
-0.09002349
-1.0
0.4900546
-0.039974034
-1.0
0.6398966
-0.009994626
-1.0
0.8100127
0.0
-1.0
1.0
-0.009994632
-0.90500635
1.0
-0.03997413
-0.8199482
1.0
-0.09002344
-0.7450273
1.0
-0.15998343
-0.67995703
1.0
-0.25
-0.625
1.0
-0.35991406
-0.5799917
1.0
-0.4900546
-0.54501176
1.0
-0.6398966
-0.519987
1.0
-0.8100127
-0.5049973
1.0
-1.0
-0.5
1.0
-1.0
-0.48500806
0.7150801
-1.0
-0.44006932
0.45972264
-1.0
-0.36496484
0.23508203
-1.0
-0.2600859
0.039871097
-1.0
-0.125
-0.125
-1.0
0.039871097
-0.26008594
-1.0
0.23508191
-0.36496475
-1.0
0.45972276
-0.44006947
-1.0
0.7150801
-0.48500806
1.0
0.5
-1.0
1.0
0.49833262
-0.9016663
1.0
0.49332482
-0.80669457
1.0
0.48500806
-0.7150801
1.0
0.4733147
-0.626574
1.0
0.45834687
-0.5417209
1.0
0.44006932
-0.45972264
1.0
0.41835523
-0.38149
1.0
0.39338303
-0.3067131
1.0
0.36496484
-0.23508203
1.0
0.3334011
-0.16653097
1.0
0.29826
-0.10148263
1.0
0.26008585
-0.039871007
1.0
0.21820286
0.018369406
1.0
0.17327753
0.073060334
1.0
0.125
0.125
1.0
0.073060244
0.17327765
1.0
0.018369228
0.21820304
1.0
-0.039871097
0.26008594
1.0
-0.10148275
0.2982601
1.0
-0.16653109
0.3334012
1.0
-0.23508209
0.3649649
1.0
-0.3067131
0.39338303
1.0
-0.3814901
0.41835535
1.0
-0.4597227
0.44006938
1.0
-0.541721
0.45834696
1.0
-0.6265739
0.47331467
1.0
-0.7150801
0.48500806
1.0
-0.8066945
0.49332473
1.0
-0.9016663
0.49833265
1.0
-1.0
0.5
0.9016663
-1.0
0.49833262
0.80669457
-1.0
0.49332482
0.7150801
-1.0
0.48500806
0.626574
-1.0
0.4733147
0.5417209
-1.0
0.45834687
0.45972264
-1.0
0.44006932
0.38149
-1.0
0.41835523
0.3067131
-1.0
0.39338303
0.23508203
-1.0
0.36496484
0.16653097
-1.0
0.3334011
0.10148263
-1.0
0.29826
0.039871007
-1.0
0.26008585
-0.018369406
-1.0
0.21820286
-0.073060334
-1.0
0.17327753
-0.125
-1.0
0.125
-0.17327765
-1.0
0.073060244
-0.21820304
-1.0
0.018369228
-0.26008594
-1.0
-0.039871097
-0.2982601
-1.0
-0.10148275
-0.3334012
-1.0
-0.16653109
-0.3649649
-1.0
-0.23508209
-0.39338303
-1.0
-0.3067131
-0.41835535
-1.0
-0.3814901
-0.44006938
-1.0
-0.4597227
-0.45834696
-1.0
-0.541721
-0.47331467
-1.0
-0.6265739
-0.48500806
-1.0
-0.7150801
-0.49332473
-1.0
-0.8066945
-0.49833265
-1.0
-0.9016663
-0.5
-1.0
-1.0
-0.49833262
-0.9016663
-1.0
-0.49332482
-0.80669457
-1.0
-0.48500806
-0.7150801
-1.0
-0.4733147
-0.626574
-1.0
-0.45834687
-0.5417209
-1.0
-0.44006932
-0.45972264
-1.0
-0.41835523
-0.38149
-1.0
-0.39338303
-0.3067131
-1.0
-0.36496484
-0.23508203
-1.0
-0.3334011
-0.16653097
-1.0
-0.29826
-0.10148263
-1.0
-0.26008585
-0.039871007
-1.0
-0.21820286
0.018369406
-1.0
-0.17327753
0.073060334
-1.0
-0.125
0.125
-1.0
-0.073060244
0.17327765
-1.0
-0.018369228
0.21820304
-1.0
0.039871097
0.26008594
-1.0
0.10148275
0.2982601
-1.0
0.16653109
0.3334012
-1.0
0.23508209
0.3649649
-1.0
0.3067131
0.39338303
-1.0
0.3814901
0.41835535
-1.0
0.4597227
0.44006938
-1.0
0.541721
0.45834696
-1.0
0.6265739
0.47331467
-1.0
0.7150801
0.48500806
-1.0
0.8066945
0.49332473
-1.0
0.9016663
0.49833265
-1.0
