2
0
1
1
-0.00131249987
1
0.87993747
-0.00549999997
1
0.769500017
-0.0129375011
1
0.66831249
-0.0239999965
1
0.575999975
-0.0390625
1
0.4921875
-0.0585000068
1
0.416500002
-0.0826874673
1
0.348562509
-0.111999974
1
0.288000017
-0.146812558
1
0.234437466
-0.1875
1
0.1875
-0.234437525
1
0.146812499
-0.288000017
1
0.111999959
-0.348562568
1
0.0826874524
-0.416499972
1
0.0585000217
-0.4921875
1
0.0390625
-0.575999975
1
0.0240001082
-0.66831243
1
0.0129375458
-0.769500196
1
0.00549986959
-0.87993753
1
0.00131243467
-1
1
0
-1
0.87993747
0.00131249987
-1
0.769500017
0.00549999997
-1
0.66831249
0.0129375011
-1
0.575999975
0.0239999965
-1
0.4921875
0.0390625
-1
0.416500002
0.0585000068
-1
0.348562509
0.0826874673
-1
0.288000017
0.111999974
-1
0.234437466
0.146812558
-1
0.1875
0.1875
-1
0.146812499
0.234437525
-1
0.111999959
0.288000017
-1
0.0826874524
0.348562568
-1
0.0585000217
0.416499972
-1
0.0390625
0.4921875
-1
0.0240001082
0.575999975
-1
0.0129375458
0.66831243
-1
0.00549986959
0.769500196
-1
0.00131243467
0.87993753
-1
0
1
-0.87993747
-0.00131249987
1
-0.769500017
-0.00549999997
1
-0.66831249
-0.0129375011
1
-0.575999975
-0.0239999965
1
-0.4921875
-0.0390625
1
-0.416500002
-0.0585000068
1
-0.348562509
-0.0826874673
1
-0.288000017
-0.111999974
1
-0.234437466
-0.146812558
1
-0.1875
-0.1875
1
-0.146812499
-0.234437525
1
-0.111999959
-0.288000017
1
-0.0826874524
-0.348562568
1
-0.0585000217
-0.416499972
1
-0.0390625
-0.4921875
1
-0.0240001082
-0.575999975
1
-0.0129375458
-0.66831243
1
-0.00549986959
-0.769500196
1
-0.00131243467
-0.87993753
1
0
-1
1
0.00131249987
-1
0.87993747
0.00549999997
-1
0.769500017
0.0129375011
-1
0.66831249
0.0239999965
-1
0.575999975
0.0390625
-1
0.4921875
0.0585000068
-1
0.416500002
0.0826874673
-1
0.348562509
0.111999974
-1
0.288000017
0.146812558
-1
0.234437466
0.1875
-1
0.1875
0.234437525
-1
0.146812499
0.288000017
-1
0.111999959
0.348562568
-1
0.0826874524
0.416499972
-1
0.0585000217
0.4921875
-1
0.0390625
0.575999975
-1
0.0240001082
0.66831243
-1
0.0129375458
0.769500196
-1
0.00549986959
0.87993753
-1
0.00131243467
1
-1
0
1
-0.87993747
0.00131249987
1
-0.769500017
0.00549999997
1
-0.66831249
0.0129375011
1
-0.575999975
0.0239999965
1
-0.4921875
0.0390625
1
-0.416500002
0.0585000068
1
-0.348562509
0.0826874673
1
-0.288000017
0.111999974
1
-0.234437466
0.146812558
1
-0.1875
0.1875
1
-0.146812499
0.234437525
1
-0.111999959
0.288000017
1
-0.0826874524
0.348562568
1
-0.0585000217
0.416499972
1
-0.0390625
0.4921875
1
-0.0240001082
0.575999975
1
-0.0129375458
0.66831243
1
-0.00549986959
0.769500196
1
-0.00131243467
0.87993753
1
0
1
0.87993747
0.00131249987
1
0.769500017
0.00549999997
1
0.66831249
0.0129375011
1
0.575999975
0.0239999965
1
0.4921875
0.0390625
1
0.416500002
0.0585000068
1
0.348562509
0.0826874673
1
0.288000017
0.111999974
1
0.234437466
0.146812558
1
0.1875
0.1875
1
0.146812499
0.234437525
1
0.111999959
0.288000017
1
0.0826874524
0.348562568
1
0.0585000217
0.416499972
1
0.0390625
0.4921875
1
0.0240001082
0.575999975
1
0.0129375458
0.66831243
1
0.00549986959
0.769500196
1
0.00131243467
0.87993753
1
1
1
0
0.87993747
1
-0.00131249987
0.769500017
1
-0.00549999997
0.66831249
1
-0.0129375011
0.575999975
1
-0.0239999965
0.4921875
1
-0.0390625
0.416500002
1
-0.0585000068
0.348562509
1
-0.0826874673
0.288000017
1
-0.111999974
0.234437466
1
-0.146812558
0.1875
1
-0.1875
0.146812499
1
-0.234437525
0.111999959
1
-0.288000017
0.0826874524
1
-0.348562568
0.0585000217
1
-0.416499972
0.0390625
1
-0.4921875
0.0240001082
1
-0.575999975
0.0129375458
1
-0.66831243
0.00549986959
1
-0.769500196
0.00131243467
1
-0.87993753
0
1
-1
-0.00131249987
0.87993747
-1
-0.00549999997
0.769500017
-1
-0.0129375011
0.66831249
-1
-0.0239999965
0.575999975
-1
-0.0390625
0.4921875
-1
-0.0585000068
0.416500002
-1
-0.0826874673
0.348562509
-1
-0.111999974
0.288000017
-1
-0.146812558
0.234437466
-1
-0.1875
0.1875
-1
-0.234437525
0.146812499
-1
-0.288000017
0.111999959
-1
-0.348562568
0.0826874524
-1
-0.416499972
0.0585000217
-1
-0.4921875
0.0390625
-1
-0.575999975
0.0240001082
-1
-0.66831243
0.0129375458
-1
-0.769500196
0.00549986959
-1
-0.87993753
0.00131243467
-1
-1
0
-1
-1
-0.00131249987
-0.87993747
-1
-0.00549999997
-0.769500017
-1
-0.0129375011
-0.66831249
-1
-0.0239999965
-0.575999975
-1
-0.0390625
-0.4921875
-1
-0.0585000068
-0.416500002
-1
-0.0826874673
-0.348562509
-1
-0.111999974
-0.288000017
-1
-0.146812558
-0.234437466
-1
-0.1875
-0.1875
-1
-0.234437525
-0.146812499
-1
-0.288000017
-0.111999959
-1
-0.348562568
-0.0826874524
-1
-0.416499972
-0.0585000217
-1
-0.4921875
-0.0390625
-1
-0.575999975
-0.0240001082
-1
-0.66831243
-0.0129375458
-1
-0.769500196
-0.00549986959
-1
-0.87993753
-0.00131243467
-1
-1
0
-0.87993747
-1
-0.00131249987
-0.769500017
-1
-0.00549999997
-0.66831249
-1
-0.0129375011
-0.575999975
-1
-0.0239999965
-0.4921875
-1
-0.0390625
-0.416500002
-1
-0.0585000068
-0.348562509
-1
-0.0826874673
-0.288000017
-1
-0.111999974
-0.234437466
-1
-0.146812558
-0.1875
-1
-0.1875
-0.146812499
-1
-0.234437525
-0.111999959
-1
-0.288000017
-0.0826874524
-1
-0.348562568
-0.0585000217
-1
-0.416499972
-0.0390625
-1
-0.4921875
-0.0240001082
-1
-0.575999975
-0.0129375458
-1
-0.66831243
-0.00549986959
-1
-0.769500196
-0.00131243467
-1
-0.87993753
0
-1
-1
0.00131249987
-0.87993747
-1
0.00549999997
-0.769500017
-1
0.0129375011
-0.66831249
-1
0.0239999965
-0.575999975
-1
0.0390625
-0.4921875
-1
0.0585000068
-0.416500002
-1
0.0826874673
-0.348562509
-1
0.111999974
-0.288000017
-1
0.146812558
-0.234437466
-1
0.1875
-0.1875
-1
0.234437525
-0.146812499
-1
0.288000017
-0.111999959
-1
0.348562568
-0.0826874524
-1
0.416499972
-0.0585000217
-1
0.4921875
-0.0390625
-1
0.575999975
-0.0240001082
-1
0.66831243
-0.0129375458
-1
0.769500196
-0.00549986959
-1
0.87993753
-0.00131243467
-1
1
0
-1
1
0.00131249987
-0.87993747
1
0.00549999997
-0.769500017
1
0.0129375011
-0.66831249
1
0.0239999965
-0.575999975
1
0.0390625
-0.4921875
1
0.0585000068
-0.416500002
1
0.0826874673
-0.348562509
1
0.111999974
-0.288000017
1
0.146812558
-0.234437466
1
0.1875
-0.1875
1
0.234437525
-0.146812499
1
0.288000017
-0.111999959
1
0.348562568
-0.0826874524
1
0.416499972
-0.0585000217
1
0.4921875
-0.0390625
1
0.575999975
-0.0240001082
1
0.66831243
-0.0129375458
1
0.769500196
-0.00549986959
1
0.87993753
-0.00131243467
