2
0
1
1
-0.00549999997
1
0.769500017
-0.0239999965
1
0.575999975
-0.0585000068
1
0.416500002
-0.111999974
1
0.288000017
-0.1875
1
0.1875
-0.288000017
1
0.111999959
-0.416499972
1
0.0585000217
-0.575999975
1
0.0240001082
-0.769500196
1
0.00549986959
-1
1
0
-1
0.769500017
0.00549999997
-1
0.575999975
0.0239999965
-1
0.416500002
0.0585000068
-1
0.288000017
0.111999974
-1
0.1875
0.1875
-1
0.111999959
0.288000017
-1
0.0585000217
0.416499972
-1
0.0240001082
0.575999975
-1
0.00549986959
0.769500196
-1
0
1
-0.769500017
-0.00549999997
1
-0.575999975
-0.0239999965
1
-0.416500002
-0.0585000068
1
-0.288000017
-0.111999974
1
-0.1875
-0.1875
1
-0.111999959
-0.288000017
1
-0.0585000217
-0.416499972
1
-0.0240001082
-0.575999975
1
-0.00549986959
-0.769500196
1
0
-1
1
-0.00549999997
-1
0.769500017
-0.0239999965
-1
0.575999975
-0.0585000068
-1
0.416500002
-0.111999974
-1
0.288000017
-0.1875
-1
0.1875
-0.288000017
-1
0.111999959
-0.416499972
-1
0.0585000217
-0.575999975
-1
0.0240001082
-0.769500196
-1
0.00549986959
-1
-1
0
-1
-0.769500017
-0.00549999997
-1
-0.575999975
-0.0239999965
-1
-0.416500002
-0.0585000068
-1
-0.288000017
-0.111999974
-1
-0.1875
-0.1875
-1
-0.111999959
-0.288000017
-1
-0.0585000217
-0.416499972
-1
-0.0240001082
-0.575999975
-1
-0.00549986959
-0.769500196
-1
0
-1
-0.769500017
0.00549999997
-1
-0.575999975
0.0239999965
-1
-0.416500002
0.0585000068
-1
-0.288000017
0.111999974
-1
-0.1875
0.1875
-1
-0.111999959
0.288000017
-1
-0.0585000217
0.416499972
-1
-0.0240001082
0.575999975
-1
-0.00549986959
0.769500196
-1
0
1
-1
0.00549999997
1
-0.769500017
0.0239999965
1
-0.575999975
0.0585000068
1
-0.416500002
0.111999974
1
-0.288000017
0.1875
1
-0.1875
0.288000017
1
-0.111999959
0.416499972
1
-0.0585000217
0.575999975
1
-0.0240001082
0.769500196
1
-0.00549986959
1
1
0
1
0.769500017
0.00549999997
1
0.575999975
0.0239999965
1
0.416500002
0.0585000068
1
0.288000017
0.111999974
1
0.1875
0.1875
1
0.111999959
0.288000017
1
0.0585000217
0.416499972
1
0.0240001082
0.575999975
1
0.00549986959
0.769500196
1
0
1
0.769500017
0.00549999997
1
0.575999975
0.0239999965
1
0.416500002
0.0585000068
1
0.288000017
0.111999974
1
0.1875
0.1875
1
0.111999959
0.288000017
1
0.0585000217
0.416499972
1
0.0240001082
0.575999975
1
0.00549986959
0.769500196
1
1
-1
0
0.918870389
-1
-0.00057407422
0.842074096
-1
-0.00237037148
0.769499898
-0.99999994
-0.00549999997
0.70103699
-1
-0.0100740753
0.63657403
-1
-0.0162037089
0.575999975
-1
-0.0240000039
0.519203663
-1
-0.0335740745
0.466074079
-1
-0.0450370461
0.416500002
-1
-0.0585000068
0.370370328
-1
-0.0740740895
0.327574074
-1
-0.0918703526
0.287999958
-1
-0.112000033
0.251537025
-1
-0.134574085
0.218074024
-1
-0.159703761
0.1875
-1
-0.1875
0.159703672
-1
-0.218074173
0.134574056
-1
-0.251537025
0.111999959
-1
-0.288000017
0.091870293
-1
-0.327574193
0.074074015
-1
-0.370370448
0.0584999174
-1
-0.416500151
0.0450370014
-1
-0.466074079
0.0335740745
-1
-0.519203782
0.0239999592
-1
-0.576000094
0.0162038505
-1
-0.63657403
0.010074079
-1
-0.701037109
0.00549986959
-1
-0.769500196
0.00237026811
-1
-0.842074275
0.000573992729
-1
-0.918870449
0
-1
-1
0.00057407422
-0.918870389
-1
0.00237037148
-0.842074096
-1
0.00549999997
-0.769499898
-0.99999994
0.0100740753
-0.70103699
-1
0.0162037089
-0.63657403
-1
0.0240000039
-0.575999975
-1
0.0335740745
-0.519203663
-1
0.0450370461
-0.466074079
-1
0.0585000068
-0.416500002
-1
0.0740740895
-0.370370328
-1
0.0918703526
-0.327574074
-1
0.112000033
-0.287999958
-1
0.134574085
-0.251537025
-1
0.159703761
-0.218074024
-1
0.1875
-0.1875
-1
0.218074173
-0.159703672
-1
0.251537025
-0.134574056
-1
0.288000017
-0.111999959
-1
0.327574193
-0.091870293
-1
0.370370448
-0.074074015
-1
0.416500151
-0.0584999174
-1
0.466074079
-0.0450370014
-1
0.519203782
-0.0335740745
-1
0.576000094
-0.0239999592
-1
0.63657403
-0.0162038505
-1
0.701037109
-0.010074079
-1
0.769500196
-0.00549986959
-1
0.842074275
-0.00237026811
-1
0.918870449
-0.000573992729
-1
1
0
-1
1
-0.00057407422
-0.918870389
1
-0.00237037148
-0.842074096
0.99999994
-0.00549999997
-0.769499898
1
-0.0100740753
-0.70103699
1
-0.0162037089
-0.63657403
1
-0.0240000039
-0.575999975
1
-0.0335740745
-0.519203663
1
-0.0450370461
-0.466074079
1
-0.0585000068
-0.416500002
1
-0.0740740895
-0.370370328
1
-0.0918703526
-0.327574074
1
-0.112000033
-0.287999958
1
-0.134574085
-0.251537025
1
-0.159703761
-0.218074024
1
-0.1875
-0.1875
1
-0.218074173
-0.159703672
1
-0.251537025
-0.134574056
1
-0.288000017
-0.111999959
1
-0.327574193
-0.091870293
1
-0.370370448
-0.074074015
1
-0.416500151
-0.0584999174
1
-0.466074079
-0.0450370014
1
-0.519203782
-0.0335740745
1
-0.576000094
-0.0239999592
1
-0.63657403
-0.0162038505
1
-0.701037109
-0.010074079
1
-0.769500196
-0.00549986959
1
-0.842074275
-0.00237026811
1
-0.918870449
-0.000573992729
