1
0
1
1
-0.00131249987
1
0.87993747
-0.00549999997
1
0.769500017
-0.0129375011
1
0.66831249
-0.0239999965
1
0.575999975
-0.0390625
1
0.4921875
-0.0585000068
1
0.416500002
-0.0826874673
1
0.348562509
-0.111999974
1
0.288000017
-0.146812558
1
0.234437466
-0.1875
1
0.1875
-0.234437525
1
0.146812499
-0.288000017
1
0.111999959
-0.348562568
1
0.0826874524
-0.416499972
1
0.0585000217
-0.4921875
1
0.0390625
-0.575999975
1
0.0240001082
-0.66831243
1
0.0129375458
-0.769500196
1
0.00549986959
-0.87993753
1
0.00131243467
-1
1
0
-1
0.87993747
0.00131249987
-1
0.769500017
0.00549999997
-1
0.66831249
0.0129375011
-1
0.575999975
0.0239999965
-1
0.4921875
0.0390625
-1
0.416500002
0.0585000068
-1
0.348562509
0.0826874673
-1
0.288000017
0.111999974
-1
0.234437466
0.146812558
-1
0.1875
0.1875
-1
0.146812499
0.234437525
-1
0.111999959
0.288000017
-1
0.0826874524
0.348562568
-1
0.0585000217
0.416499972
-1
0.0390625
0.4921875
-1
0.0240001082
0.575999975
-1
0.0129375458
0.66831243
-1
0.00549986959
0.769500196
-1
0.00131243467
0.87993753
-1
0
1
-0.87993747
-0.00131249987
1
-0.769500017
-0.00549999997
1
-0.66831249
-0.0129375011
1
-0.575999975
-0.0239999965
1
-0.4921875
-0.0390625
1
-0.416500002
-0.0585000068
1
-0.348562509
-0.0826874673
1
-0.288000017
-0.111999974
1
-0.234437466
-0.146812558
1
-0.1875
-0.1875
1
-0.146812499
-0.234437525
1
-0.111999959
-0.288000017
1
-0.0826874524
-0.348562568
1
-0.0585000217
-0.416499972
1
-0.0390625
-0.4921875
1
-0.0240001082
-0.575999975
1
-0.0129375458
-0.66831243
1
-0.00549986959
-0.769500196
1
-0.00131243467
-0.87993753
1
0
-1
1
-0.00131249987
-1
0.87993747
-0.00549999997
-1
0.769500017
-0.0129375011
-1
0.66831249
-0.0239999965
-1
0.575999975
-0.0390625
-1
0.4921875
-0.0585000068
-1
0.416500002
-0.0826874673
-1
0.348562509
-0.111999974
-1
0.288000017
-0.146812558
-1
0.234437466
-0.1875
-1
0.1875
-0.234437525
-1
0.146812499
-0.288000017
-1
0.111999959
-0.348562568
-1
0.0826874524
-0.416499972
-1
0.0585000217
-0.4921875
-1
0.0390625
-0.575999975
-1
0.0240001082
-0.66831243
-1
0.0129375458
-0.769500196
-1
0.00549986959
-0.87993753
-1
0.00131243467
-1
-1
0
-1
-0.87993747
-0.00131249987
-1
-0.769500017
-0.00549999997
-1
-0.66831249
-0.0129375011
-1
-0.575999975
-0.0239999965
-1
-0.4921875
-0.0390625
-1
-0.416500002
-0.0585000068
-1
-0.348562509
-0.0826874673
-1
-0.288000017
-0.111999974
-1
-0.234437466
-0.146812558
-1
-0.1875
-0.1875
-1
-0.146812499
-0.234437525
-1
-0.111999959
-0.288000017
-1
-0.0826874524
-0.348562568
-1
-0.0585000217
-0.416499972
-1
-0.0390625
-0.4921875
-1
-0.0240001082
-0.575999975
-1
-0.0129375458
-0.66831243
-1
-0.00549986959
-0.769500196
-1
-0.00131243467
-0.87993753
-1
0
-1
-0.87993747
0.00131249987
-1
-0.769500017
0.00549999997
-1
-0.66831249
0.0129375011
-1
-0.575999975
0.0239999965
-1
-0.4921875
0.0390625
-1
-0.416500002
0.0585000068
-1
-0.348562509
0.0826874673
-1
-0.288000017
0.111999974
-1
-0.234437466
0.146812558
-1
-0.1875
0.1875
-1
-0.146812499
0.234437525
-1
-0.111999959
0.288000017
-1
-0.0826874524
0.348562568
-1
-0.0585000217
0.416499972
-1
-0.0390625
0.4921875
-1
-0.0240001082
0.575999975
-1
-0.0129375458
0.66831243
-1
-0.00549986959
0.769500196
-1
-0.00131243467
0.87993753
-1
0
1
-1
0.00131249987
1
-0.87993747
0.00549999997
1
-0.769500017
0.0129375011
1
-0.66831249
0.0239999965
1
-0.575999975
0.0390625
1
-0.4921875
0.0585000068
1
-0.416500002
0.0826874673
1
-0.348562509
0.111999974
1
-0.288000017
0.146812558
1
-0.234437466
0.1875
1
-0.1875
0.234437525
1
-0.146812499
0.288000017
1
-0.111999959
0.348562568
1
-0.0826874524
0.416499972
1
-0.0585000217
0.4921875
1
-0.0390625
0.575999975
1
-0.0240001082
0.66831243
1
-0.0129375458
0.769500196
1
-0.00549986959
0.87993753
1
-0.00131243467
1
1
0
1
0.87993747
-0.00131249987
1
0.769500017
-0.00549999997
1
0.66831249
-0.0129375011
1
0.575999975
-0.0239999965
1
0.4921875
-0.0390625
1
0.416500002
-0.0585000068
1
0.348562509
-0.0826874673
1
0.288000017
-0.111999974
1
0.234437466
-0.146812558
1
0.1875
-0.1875
1
0.146812499
-0.234437525
1
0.111999959
-0.288000017
1
0.0826874524
-0.348562568
1
0.0585000217
-0.416499972
1
0.0390625
-0.4921875
1
0.0240001082
-0.575999975
1
0.0129375458
-0.66831243
1
0.00549986959
-0.769500196
1
0.00131243467
-0.87993753
1
0
-1
0.87993747
-0.00131249987
-1
0.769500017
-0.00549999997
-1
0.66831249
-0.0129375011
-1
0.575999975
-0.0239999965
-1
0.4921875
-0.0390625
-1
0.416500002
-0.0585000068
-1
0.348562509
-0.0826874673
-1
0.288000017
-0.111999974
-1
0.234437466
-0.146812558
-1
0.1875
-0.1875
-1
0.146812499
-0.234437525
-1
0.111999959
-0.288000017
-1
0.0826874524
-0.348562568
-1
0.0585000217
-0.416499972
-1
0.0390625
-0.4921875
-1
0.0240001082
-0.575999975
-1
0.0129375458
-0.66831243
-1
0.00549986959
-0.769500196
-1
0.00131243467
-0.87993753
-1
0
-1
-1
0.00131249987
-1
-0.87993747
0.00549999997
-1
-0.769500017
0.0129375011
-1
-0.66831249
0.0239999965
-1
-0.575999975
0.0390625
-1
-0.4921875
0.0585000068
-1
-0.416500002
0.0826874673
-1
-0.348562509
0.111999974
-1
-0.288000017
0.146812558
-1
-0.234437466
0.1875
-1
-0.1875
0.234437525
-1
-0.146812499
0.288000017
-1
-0.111999959
0.348562568
-1
-0.0826874524
0.416499972
-1
-0.0585000217
0.4921875
-1
-0.0390625
0.575999975
-1
-0.0240001082
0.66831243
-1
-0.0129375458
0.769500196
-1
-0.00549986959
0.87993753
-1
-0.00131243467
1
-1
0
1
-0.87993747
0.00131249987
1
-0.769500017
0.00549999997
1
-0.66831249
0.0129375011
1
-0.575999975
0.0239999965
1
-0.4921875
0.0390625
1
-0.416500002
0.0585000068
1
-0.348562509
0.0826874673
1
-0.288000017
0.111999974
1
-0.234437466
0.146812558
1
-0.1875
0.1875
1
-0.146812499
0.234437525
1
-0.111999959
0.288000017
1
-0.0826874524
0.348562568
1
-0.0585000217
0.416499972
1
-0.0390625
0.4921875
1
-0.0240001082
0.575999975
1
-0.0129375458
0.66831243
1
-0.00549986959
0.769500196
1
-0.00131243467
0.87993753
1
0
1
0.87993747
0.00131249987
1
0.769500017
0.00549999997
1
0.66831249
0.0129375011
1
0.575999975
0.0239999965
1
0.4921875
0.0390625
1
0.416500002
0.0585000068
1
0.348562509
0.0826874673
1
0.288000017
0.111999974
1
0.234437466
0.146812558
1
0.1875
0.1875
1
0.146812499
0.234437525
1
0.111999959
0.288000017
1
0.0826874524
0.348562568
1
0.0585000217
0.416499972
1
0.0390625
0.4921875
1
0.0240001082
0.575999975
1
0.0129375458
0.66831243
1
0.00549986959
0.769500196
1
0.00131243467
0.87993753
1
