2
0.5
1
1
0.491750002
1
0.654250026
0.463999987
1
0.364000022
0.412250012
1
0.124750018
0.332000047
1
-0.067999959
0.21875
1
-0.21875
0.067999959
1
-0.332000077
-0.124749959
1
-0.412249982
-0.363999963
1
-0.463999838
-0.654250264
1
-0.491750181
-1
1
-0.5
-1
0.654250026
-0.491750002
-1
0.364000022
-0.463999987
-1
0.124750018
-0.412250012
-1
-0.067999959
-0.332000047
-1
-0.21875
-0.21875
-1
-0.332000077
-0.067999959
-1
-0.412249982
0.124749959
-1
-0.463999838
0.363999963
-1
-0.491750181
0.654250264
-1
-0.5
1
-0.769500017
-0.502749979
1
-0.575999975
-0.511999965
1
-0.416500002
-0.529250026
1
-0.288000017
-0.555999994
1
-0.1875
-0.59375
1
-0.111999959
-0.643999994
1
-0.0585000217
-0.708249986
1
-0.0240001082
-0.787999988
1
-0.00549986959
-0.884750128
1
0
-1
1
-0.00549999997
-1
0.769500017
-0.0239999965
-1
0.575999975
-0.0585000068
-1
0.416500002
-0.111999974
-1
0.288000017
-0.1875
-1
0.1875
-0.288000017
-1
0.111999959
-0.416499972
-1
0.0585000217
-0.575999975
-1
0.0240001082
-0.769500196
-1
0.00549986959
-1
-1
0
-1
-0.769500017
-0.00549999997
-1
-0.575999975
-0.0239999965
-1
-0.416500002
-0.0585000068
-1
-0.288000017
-0.111999974
-1
-0.1875
-0.1875
-1
-0.111999959
-0.288000017
-1
-0.0585000217
-0.416499972
-1
-0.0240001082
-0.575999975
-1
-0.00549986959
-0.769500196
-1
0
-1
-0.769500017
0.00549999997
-1
-0.575999975
0.0239999965
-1
-0.416500002
0.0585000068
-1
-0.288000017
0.111999974
-1
-0.1875
0.1875
-1
-0.111999959
0.288000017
-1
-0.0585000217
0.416499972
-1
-0.0240001082
0.575999975
-1
-0.00549986959
0.769500196
-1
0
1
-1
0.00549999997
1
-0.769500017
0.0239999965
1
-0.575999975
0.0585000068
1
-0.416500002
0.111999974
1
-0.288000017
0.1875
1
-0.1875
0.288000017
1
-0.111999959
0.416499972
1
-0.0585000217
0.575999975
1
-0.0240001082
0.769500196
1
-0.00549986959
1
1
0
1
0.769500017
0.00549999997
1
0.575999975
0.0239999965
1
0.416500002
0.0585000068
1
0.288000017
0.111999974
1
0.1875
0.1875
1
0.111999959
0.288000017
1
0.0585000217
0.416499972
1
0.0240001082
0.575999975
1
0.00549986959
0.769500196
1
0
1
0.884750009
0.00549999997
1
0.787999988
0.0239999965
1
0.708249986
0.0585000068
1
0.643999994
0.111999974
1
0.59375
0.1875
1
0.555999994
0.288000017
1
0.529250026
0.416499972
1
0.512000084
0.575999975
1
0.50274992
0.769500196
1
1
-1
0.5
1
-0.878305554
0.499138892
1
-0.763111115
0.496444464
0.99999994
-0.654249907
0.491749972
1
-0.551555514
0.484888881
1
-0.454861134
0.475694418
1
-0.364000022
0.463999987
1
-0.278805494
0.449638873
1
-0.199111104
0.432444453
1
-0.124750018
0.412250012
1
-0.0555554628
0.388888866
1
0.0086389184
0.362194479
1
0.0680000484
0.331999958
1
0.122694463
0.298138857
1
0.172888964
0.260444373
1
0.21875
0.21875
1
0.260444522
0.172888756
1
0.298138887
0.122694433
1
0.332000077
0.067999959
1
0.362194568
0.00863867998
1
0.388888985
-0.0555557013
1
0.412250131
-0.124750197
1
0.432444513
-0.199111104
1
0.449638903
-0.278805673
1
0.464000046
-0.364000201
1
0.475694239
-0.454861104
1
0.484888881
-0.551555634
1
0.491750181
-0.654250264
1
0.496444583
-0.763111413
1
0.499139011
-0.878305733
1
0.5
-1
0.878305554
0.499138892
-1
0.763111115
0.496444464
-1
0.654249907
0.491749972
-0.99999994
0.551555514
0.484888881
-1
0.454861134
0.475694418
-1
0.364000022
0.463999987
-1
0.278805494
0.449638873
-1
0.199111104
0.432444453
-1
0.124750018
0.412250012
-1
0.0555554628
0.388888866
-1
-0.0086389184
0.362194479
-1
-0.0680000484
0.331999958
-1
-0.122694463
0.298138857
-1
-0.172888964
0.260444373
-1
-0.21875
0.21875
-1
-0.260444522
0.172888756
-1
-0.298138887
0.122694433
-1
-0.332000077
0.067999959
-1
-0.362194568
0.00863867998
-1
-0.388888985
-0.0555557013
-1
-0.412250131
-0.124750197
-1
-0.432444513
-0.199111104
-1
-0.449638903
-0.278805673
-1
-0.464000046
-0.364000201
-1
-0.475694239
-0.454861104
-1
-0.484888881
-0.551555634
-1
-0.491750181
-0.654250264
-1
-0.496444583
-0.763111413
-1
-0.499139011
-0.878305733
-1
-0.5
-1
-1
-0.499138892
-1
-0.878305554
-0.496444464
-1
-0.763111115
-0.491749972
-0.99999994
-0.654249907
-0.484888881
-1
-0.551555514
-0.475694418
-1
-0.454861134
-0.463999987
-1
-0.364000022
-0.449638873
-1
-0.278805494
-0.432444453
-1
-0.199111104
-0.412250012
-1
-0.124750018
-0.388888866
-1
-0.0555554628
-0.362194479
-1
0.0086389184
-0.331999958
-1
0.0680000484
-0.298138857
-1
0.122694463
-0.260444373
-1
0.172888964
-0.21875
-1
0.21875
-0.172888756
-1
0.260444522
-0.122694433
-1
0.298138887
-0.067999959
-1
0.332000077
-0.00863867998
-1
0.362194568
0.0555557013
-1
0.388888985
0.124750197
-1
0.412250131
0.199111104
-1
0.432444513
0.278805673
-1
0.449638903
0.364000201
-1
0.464000046
0.454861104
-1
0.475694239
0.551555634
-1
0.484888881
0.654250264
-1
0.491750181
0.763111413
-1
0.496444583
0.878305733
-1
0.499139011
